idle-level monitor, rail 3 V, nothing driven — 2026-08-09_174041
CHANGE THE MIC'S STATE partway through (wake it / let it sleep) and watch for a step.

  t (s)      pin1     pin2     pin3
    0.0    2.5055   2.7338   2.7435
    0.1    2.5055   2.7343   2.7441
    0.2    2.5057   2.7343   2.7441
    0.2    2.5057   2.7343   2.7427
    0.3    2.5047   2.7334   2.7427
    0.4    2.5047   2.7334   2.7427
    0.5    2.5042   2.7328   2.7423
    0.5    2.5042   2.7328   2.7423
    0.6    2.5042   2.7340   2.7438
    0.7    2.5054   2.7340   2.7438
    0.8    2.5054   2.7346   2.7449
    0.9    2.5057   2.7346   2.7449
    0.9    2.5057   2.7346   2.7449
    1.0    2.5054   2.7338   2.7435
    1.1    2.5054   2.7338   2.7435
    1.2    2.5054   2.7347   2.7446
    1.3    2.5060   2.7347   2.7446
    1.3    2.5060   2.7347   2.7446
    1.4    2.5052   2.7348   2.7436
    1.5    2.5052   2.7348   2.7436
    1.6    2.5052   2.7349   2.7452
    1.7    2.5065   2.7349   2.7452
    1.7    2.5065   2.7349   2.7452
    1.8    2.5051   2.7350   2.7431
    1.9    2.5051   2.7350   2.7431
    2.0    2.5057   2.7355   2.7434
    2.0    2.5057   2.7355   2.7434
    2.1    2.5057   2.7355   2.7434
    2.2    2.5060   2.7348   2.7434
    2.3    2.5060   2.7348   2.7427
    2.4    2.5058   2.7346   2.7427
    2.4    2.5058   2.7346   2.7427
    2.5    2.5058   2.7341   2.7430
    2.6    2.5054   2.7341   2.7430
    2.7    2.5054   2.7341   2.7430
    2.7    2.5054   2.7348   2.7437
    2.8    2.5060   2.7348   2.7437
    2.9    2.5060   2.7353   2.7450
    3.0    2.5069   2.7353   2.7450
    3.1    2.5069   2.7353   2.7450
    3.1    2.5056   2.7343   2.7439
    3.2    2.5056   2.7343   2.7439
    3.3    2.5056   2.7342   2.7436
    3.4    2.5054   2.7342   2.7436
    3.4    2.5054   2.7342   2.7436
    3.5    2.5061   2.7346   2.7442
    3.6    2.5061   2.7346   2.7437
    3.7    2.5056   2.7345   2.7437
    3.7    2.5056   2.7345   2.7437
    3.8    2.5056   2.7343   2.7433
    3.9    2.5052   2.7343   2.7433
    4.0    2.5052   2.7343   2.7433
    4.1    2.5067   2.7355   2.7454
    4.1    2.5067   2.7355   2.7454
    4.2    2.5067   2.7335   2.7428
    4.3    2.5047   2.7335   2.7428
    4.4    2.5047   2.7335   2.7429
    4.5    2.5051   2.7347   2.7429
    4.5    2.5051   2.7347   2.7429
    4.6    2.5051   2.7351   2.7441
    4.7    2.5061   2.7351   2.7441
    4.8    2.5061   2.7351   2.7438
    4.8    2.5061   2.7344   2.7438
    4.9    2.5061   2.7344   2.7438
    5.0    2.5051   2.7341   2.7426
    5.1    2.5051   2.7341   2.7426
    5.2    2.5051   2.7341   2.7429
    5.2    2.5053   2.7343   2.7429
    5.3    2.5053   2.7341   2.7434
    5.4    2.5061   2.7341   2.7434
    5.5    2.5061   2.7341   2.7423
    5.5    2.5046   2.7335   2.7423
    5.6    2.5046   2.7335   2.7423
    5.7    2.5046   2.7342   2.7430
    5.8    2.5061   2.7342   2.7430
    5.9    2.5061   2.7342   2.7430
    5.9    2.5067   2.7350   2.7445
    6.0    2.5067   2.7350   2.7445
    6.1    2.5067   2.7357   2.7439
    6.2    2.5060   2.7357   2.7439
    6.3    2.5060   2.7357   2.7433
    6.3    2.5058   2.7344   2.7433
    6.4    2.5058   2.7344   2.7433
    6.5    2.5058   2.7348   2.7436
    6.6    2.5062   2.7348   2.7436
    6.6    2.5062   2.7341   2.7433
    6.7    2.5058   2.7341   2.7433
    6.8    2.5058   2.7341   2.7433
    6.9    2.5060   2.7350   2.7433
    7.0    2.5060   2.7350   2.7433
    7.0    2.5060   2.7350   2.7438
    7.1    2.5065   2.7349   2.7438
    7.2    2.5065   2.7349   2.7429
    7.3    2.5055   2.7340   2.7429
    7.3    2.5055   2.7340   2.7429
    7.4    2.5055   2.7340   2.7422
    7.5    2.5044   2.7333   2.7422
    7.6    2.5044   2.7347   2.7438
    7.7    2.5063   2.7347   2.7438
    7.7    2.5063   2.7347   2.7438
    7.8    2.5063   2.7343   2.7433
    7.9    2.5054   2.7343   2.7433
    8.0    2.5047   2.7341   2.7430
    8.0    2.5047   2.7341   2.7430
    8.1    2.5047   2.7341   2.7430
    8.2    2.5053   2.7341   2.7430
    8.3    2.5053   2.7341   2.7430
    8.4    2.5053   2.7343   2.7430
    8.4    2.5054   2.7343   2.7430
    8.5    2.5054   2.7343   2.7430
    8.6    2.5039   2.7332   2.7419
    8.7    2.5039   2.7332   2.7419
    8.7    2.5039   2.7335   2.7429
    8.8    2.5051   2.7335   2.7429
    8.9    2.5051   2.7335   2.7429
    9.0    2.5046   2.7334   2.7425
    9.1    2.5046   2.7334   2.7419
    9.1    2.5037   2.7328   2.7419
    9.2    2.5037   2.7328   2.7419
    9.3    2.5037   2.7343   2.7441
    9.4    2.5056   2.7343   2.7441
    9.4    2.5056   2.7343   2.7437
    9.5    2.5055   2.7348   2.7437
    9.6    2.5055   2.7348   2.7437
    9.7    2.5055   2.7343   2.7439
    9.7    2.5060   2.7343   2.7439
    9.8    2.5060   2.7343   2.7439
    9.9    2.5062   2.7354   2.7442
   10.0    2.5062   2.7354   2.7442
   10.1    2.5047   2.7339   2.7423
   10.1    2.5047   2.7339   2.7423
   10.2    2.5047   2.7338   2.7427
   10.3    2.5053   2.7338   2.7427
   10.4    2.5053   2.7338   2.7427
   10.5    2.5047   2.7345   2.7430
   10.5    2.5047   2.7345   2.7430
   10.6    2.5047   2.7345   2.7431
   10.7    2.5053   2.7342   2.7431
   10.8    2.5053   2.7342   2.7434
   10.8    2.5055   2.7343   2.7434
   10.9    2.5055   2.7343   2.7434
   11.0    2.5055   2.7341   2.7433
   11.1    2.5050   2.7341   2.7433
   11.2    2.5050   2.7341   2.7444
   11.2    2.5066   2.7348   2.7444
   11.3    2.5066   2.7348   2.7444
   11.4    2.5066   2.7342   2.7436
   11.5    2.5053   2.7342   2.7436
   11.5    2.5054   2.7337   2.7431
   11.6    2.5054   2.7337   2.7431
   11.7    2.5054   2.7337   2.7447
   11.8    2.5061   2.7349   2.7447
   11.9    2.5061   2.7349   2.7447
   11.9    2.5061   2.7349   2.7447
   12.0    2.5055   2.7339   2.7430
   12.1    2.5055   2.7339   2.7430
   12.2    2.5057   2.7344   2.7422
   12.2    2.5057   2.7344   2.7422
   12.3    2.5057   2.7335   2.7429
   12.4    2.5046   2.7335   2.7429
   12.5    2.5046   2.7335   2.7441
   12.6    2.5059   2.7349   2.7441
   12.6    2.5059   2.7349   2.7441
   12.7    2.5065   2.7346   2.7444
   12.8    2.5065   2.7346   2.7444
   12.9    2.5065   2.7346   2.7433
   12.9    2.5057   2.7339   2.7433
   13.0    2.5057   2.7339   2.7433
   13.1    2.5047   2.7335   2.7426
   13.2    2.5047   2.7335   2.7426
   13.2    2.5047   2.7335   2.7443
   13.3    2.5067   2.7347   2.7443
   13.4    2.5067   2.7347   2.7443
   13.5    2.5063   2.7348   2.7444
   13.6    2.5063   2.7348   2.7444
   13.6    2.5047   2.7340   2.7426
   13.7    2.5047   2.7340   2.7426
   13.8    2.5047   2.7340   2.7423
   13.9    2.5047   2.7333   2.7423
   14.0    2.5047   2.7333   2.7423
   14.1    2.5047   2.7333   2.7431
   14.1    2.5052   2.7340   2.7431
   14.2    2.5057   2.7342   2.7434
   14.3    2.5057   2.7342   2.7434
   14.4    2.5057   2.7345   2.7434
   14.4    2.5060   2.7345   2.7434
   14.5    2.5060   2.7345   2.7434
   14.6    2.5060   2.7355   2.7446
   14.7    2.5071   2.7355   2.7446
   14.8    2.5071   2.7346   2.7431
   14.8    2.5063   2.7346   2.7431
   14.9    2.5063   2.7346   2.7443
   15.0    2.5065   2.7360   2.7443
   15.1    2.5065   2.7360   2.7443
   15.1    2.5065   2.7355   2.7437
   15.2    2.5058   2.7355   2.7437
   15.3    2.5058   2.7355   2.7457
   15.4    2.5072   2.7362   2.7457
   15.5    2.5072   2.7362   2.7457
   15.5    2.5072   2.7367   2.7458
   15.6    2.5069   2.7367   2.7458
   15.7    2.5069   2.7367   2.7441
   15.8    2.5061   2.7356   2.7441
   15.9    2.5061   2.7356   2.7441
   15.9    2.5061   2.7356   2.7446
   16.0    2.5067   2.7356   2.7446
   16.1    2.5067   2.7356   2.7453
   16.2    2.5072   2.7360   2.7453
   16.3    2.5072   2.7360   2.7439
   16.3    2.5058   2.7351   2.7439
   16.4    2.5058   2.7351   2.7439
   16.5    2.5058   2.7353   2.7437
   16.6    2.5055   2.7353   2.7437
   16.6    2.5055   2.7353   2.7458
   16.7    2.5073   2.7362   2.7458
   16.8    2.5073   2.7348   2.7441
   16.9    2.5057   2.7348   2.7441
   16.9    2.5057   2.7348   2.7441
   17.0    2.5057   2.7348   2.7439
   17.1    2.5055   2.7348   2.7439
   17.2    2.5055   2.7348   2.7434
   17.3    2.5052   2.7342   2.7434
   17.3    2.5052   2.7342   2.7445
   17.4    2.5059   2.7354   2.7445
   17.5    2.5059   2.7354   2.7445
   17.6    2.5059   2.7354   2.7453
   17.7    2.5069   2.7360   2.7453
   17.7    2.5069   2.7360   2.7453
   17.8    2.5047   2.7333   2.7423
   17.9    2.5047   2.7333   2.7423
   18.0    2.5047   2.7341   2.7437
   18.0    2.5058   2.7341   2.7437
   18.1    2.5058   2.7341   2.7438
   18.2    2.5060   2.7343   2.7438
   18.3    2.5060   2.7343   2.7438
   18.4    2.5060   2.7343   2.7435
   18.4    2.5057   2.7340   2.7435
   18.5    2.5057   2.7340   2.7434
   18.6    2.5054   2.7343   2.7434
   18.7    2.5054   2.7343   2.7438
   18.7    2.5055   2.7345   2.7438
   18.8    2.5055   2.7345   2.7438
   18.9    2.5051   2.7344   2.7441
   19.0    2.5051   2.7344   2.7441
   19.1    2.5051   2.7331   2.7402
   19.1    2.5038   2.7331   2.7402
   19.2    2.5038   2.7331   2.7402
   19.3    2.5038   2.7342   2.7436
   19.4    2.5054   2.7342   2.7436
   19.4    2.5054   2.7342   2.7445
   19.5    2.5065   2.7348   2.7445
   19.6    2.5065   2.7348   2.7445
   19.7    2.5051   2.7346   2.7434
   19.8    2.5051   2.7346   2.7434
   19.8    2.5051   2.7341   2.7422
   19.9    2.5050   2.7341   2.7422
   20.0    2.5050   2.7344   2.7431
   20.1    2.5054   2.7344   2.7431
   20.2    2.5054   2.7344   2.7431
   20.2    2.5060   2.7354   2.7439
   20.3    2.5060   2.7354   2.7439
   20.4    2.5060   2.7354   2.7439
   20.5    2.5055   2.7346   2.7430
   20.5    2.5055   2.7346   2.7430
   20.6    2.5052   2.7347   2.7438
   20.7    2.5052   2.7347   2.7438
   20.8    2.5052   2.7347   2.7433
   20.8    2.5054   2.7349   2.7433
   20.9    2.5054   2.7349   2.7440
   21.0    2.5056   2.7347   2.7440
   21.1    2.5056   2.7347   2.7440
   21.2    2.5056   2.7342   2.7426
   21.2    2.5050   2.7342   2.7426
   21.3    2.5050   2.7342   2.7426
   21.4    2.5058   2.7348   2.7441
   21.5    2.5058   2.7348   2.7441
   21.6    2.5054   2.7343   2.7431
   21.6    2.5054   2.7343   2.7431
   21.7    2.5054   2.7343   2.7428
   21.8    2.5047   2.7343   2.7428
   21.9    2.5047   2.7343   2.7428
   21.9    2.5053   2.7340   2.7434
   22.0    2.5053   2.7340   2.7434
   22.1    2.5053   2.7343   2.7441
   22.2    2.5061   2.7343   2.7441
   22.2    2.5061   2.7343   2.7441
   22.3    2.5053   2.7347   2.7437
   22.4    2.5053   2.7347   2.7437
   22.5    2.5053   2.7337   2.7431
   22.6    2.5044   2.7337   2.7431
   22.6    2.5044   2.7337   2.7431
   22.7    2.5054   2.7342   2.7440
   22.8    2.5054   2.7342   2.7440
   22.9    2.5054   2.7341   2.7433
   22.9    2.5053   2.7341   2.7433
   23.0    2.5053   2.7341   2.7425
   23.1    2.5042   2.7335   2.7425
   23.2    2.5042   2.7335   2.7425
   23.3    2.5042   2.7343   2.7436
   23.3    2.5055   2.7343   2.7436
   23.4    2.5055   2.7343   2.7436
   23.5    2.5052   2.7341   2.7435
   23.6    2.5052   2.7341   2.7435
   23.6    2.5040   2.7335   2.7424
   23.7    2.5040   2.7335   2.7424
   23.8    2.5040   2.7342   2.7437
   23.9    2.5057   2.7342   2.7437
   24.0    2.5057   2.7342   2.7440
   24.0    2.5059   2.7347   2.7440
   24.1    2.5059   2.7347   2.7440
   24.2    2.5059   2.7339   2.7431
   24.3    2.5049   2.7339   2.7431
   24.4    2.5049   2.7339   2.7427
   24.4    2.5049   2.7338   2.7427
   24.5    2.5049   2.7341   2.7436
   24.6    2.5053   2.7341   2.7436
   24.7    2.5053   2.7341   2.7440
   24.7    2.5057   2.7343   2.7440
   24.8    2.5057   2.7343   2.7440
   24.9    2.5057   2.7332   2.7430
   25.0    2.5047   2.7332   2.7430
   25.1    2.5047   2.7332   2.7430
   25.1    2.5049   2.7335   2.7427
   25.2    2.5049   2.7335   2.7427
   25.3    2.5049   2.7335   2.7439
   25.4    2.5054   2.7342   2.7439
   25.5    2.5054   2.7342   2.7439
   25.5    2.5055   2.7337   2.7428
   25.6    2.5055   2.7337   2.7428
   25.7    2.5049   2.7335   2.7423
   25.8    2.5049   2.7335   2.7423
   25.9    2.5049   2.7335   2.7429
   25.9    2.5050   2.7338   2.7429
   26.0    2.5050   2.7338   2.7430
   26.1    2.5053   2.7338   2.7430
   26.2    2.5053   2.7338   2.7430
   26.3    2.5053   2.7344   2.7440
   26.3    2.5059   2.7344   2.7440
   26.4    2.5059   2.7337   2.7433
   26.5    2.5054   2.7337   2.7433
   26.6    2.5054   2.7337   2.7431
   26.6    2.5059   2.7340   2.7431
   26.7    2.5059   2.7340   2.7431
   26.8    2.5044   2.7328   2.7424
   26.9    2.5044   2.7328   2.7424
   27.0    2.5044   2.7328   2.7413
   27.0    2.5051   2.7333   2.7413
   27.1    2.5051   2.7333   2.7413
   27.2    2.5061   2.7346   2.7441
   27.3    2.5061   2.7346   2.7441
   27.4    2.5061   2.7339   2.7439
   27.4    2.5055   2.7339   2.7439
   27.5    2.5055   2.7339   2.7437
   27.6    2.5053   2.7331   2.7437
   27.7    2.5053   2.7331   2.7437
   27.8    2.5053   2.7334   2.7431
   27.8    2.5054   2.7334   2.7431
   27.9    2.5054   2.7334   2.7422
   28.0    2.5044   2.7334   2.7422
   28.1    2.5044   2.7334   2.7453
   28.1    2.5073   2.7357   2.7453
   28.2    2.5073   2.7357   2.7453
   28.3    2.5073   2.7356   2.7457
   28.4    2.5070   2.7356   2.7457
   28.5    2.5070   2.7356   2.7457
   28.5    2.5055   2.7345   2.7436
   28.6    2.5055   2.7345   2.7430
   28.7    2.5070   2.7362   2.7430
   28.8    2.5070   2.7362   2.7430
   28.8    2.5070   2.7362   2.7453
   28.9    2.5069   2.7354   2.7453
   29.0    2.5069   2.7354   2.7453
   29.1    2.5069   2.7337   2.7435
   29.2    2.5050   2.7337   2.7435
   29.2    2.5050   2.7346   2.7438
   29.3    2.5059   2.7346   2.7438
   29.4    2.5059   2.7346   2.7438
   29.5    2.5067   2.7356   2.7444
   29.5    2.5067   2.7356   2.7444
   29.6    2.5067   2.7355   2.7443
   29.7    2.5062   2.7355   2.7443
   29.8    2.5062   2.7355   2.7443
   29.9    2.5073   2.7359   2.7456
   29.9    2.5073   2.7359   2.7456
   30.0    2.5073   2.7359   2.7451
   30.1    2.5071   2.7355   2.7451
   30.2    2.5071   2.7355   2.7445
   30.3    2.5067   2.7358   2.7445
   30.3    2.5067   2.7358   2.7454
   30.4    2.5077   2.7362   2.7454
   30.5    2.5077   2.7362   2.7454
   30.6    2.5077   2.7362   2.7452
   30.6    2.5074   2.7361   2.7452
   30.7    2.5074   2.7361   2.7447
   30.8    2.5066   2.7359   2.7447
   30.9    2.5066   2.7359   2.7447
   30.9    2.5066   2.7362   2.7459
   31.0    2.5079   2.7362   2.7459
   31.1    2.5079   2.7362   2.7437
   31.2    2.5058   2.7344   2.7437
   31.3    2.5058   2.7344   2.7437
   31.3    2.5052   2.7339   2.7434
   31.4    2.5052   2.7339   2.7434
   31.5    2.5052   2.7339   2.7427
   31.6    2.5056   2.7339   2.7427
   31.6    2.5056   2.7339   2.7427
   31.7    2.5056   2.7347   2.7443
   31.8    2.5067   2.7347   2.7443
   31.9    2.5057   2.7345   2.7437
   32.0    2.5057   2.7345   2.7437
   32.0    2.5057   2.7345   2.7437
   32.1    2.5057   2.7335   2.7427
   32.2    2.5049   2.7335   2.7427
   32.3    2.5049   2.7339   2.7437
   32.3    2.5057   2.7339   2.7437
   32.4    2.5057   2.7339   2.7437
   32.5    2.5063   2.7345   2.7441
   32.6    2.5063   2.7345   2.7441
   32.6    2.5063   2.7347   2.7442
   32.7    2.5062   2.7347   2.7442
   32.8    2.5062   2.7347   2.7421
   32.9    2.5042   2.7321   2.7421
   33.0    2.5042   2.7321   2.7421
   33.0    2.5057   2.7334   2.7437
   33.1    2.5057   2.7334   2.7437
   33.2    2.5057   2.7335   2.7438
   33.3    2.5058   2.7335   2.7438
   33.3    2.5058   2.7335   2.7438
   33.4    2.5052   2.7334   2.7427
   33.5    2.5052   2.7334   2.7427
   33.6    2.5052   2.7334   2.7444
   33.7    2.5058   2.7334   2.7444
   33.7    2.5058   2.7334   2.7444
   33.8    2.5055   2.7337   2.7418
   33.9    2.5055   2.7337   2.7418
   34.0    2.5053   2.7328   2.7429
   34.0    2.5053   2.7328   2.7429
   34.1    2.5053   2.7332   2.7437
   34.2    2.5055   2.7332   2.7437
   34.3    2.5055   2.7332   2.7437
   34.4    2.5061   2.7340   2.7445
   34.4    2.5061   2.7340   2.7445
   34.5    2.5061   2.7340   2.7426
   34.6    2.5047   2.7325   2.7426
   34.7    2.5047   2.7325   2.7426
   34.7    2.5050   2.7331   2.7422
   34.8    2.5050   2.7331   2.7422
   34.9    2.5050   2.7334   2.7435
   35.0    2.5054   2.7334   2.7435
   35.1    2.5054   2.7334   2.7435
   35.1    2.5052   2.7330   2.7435
   35.2    2.5052   2.7330   2.7435
   35.3    2.5052   2.7346   2.7451
   35.4    2.5067   2.7346   2.7451
   35.4    2.5067   2.7346   2.7428
   35.5    2.5045   2.7331   2.7428
   35.6    2.5045   2.7331   2.7428
   35.7    2.5045   2.7330   2.7434
   35.8    2.5052   2.7330   2.7434
   35.8    2.5053   2.7332   2.7429
   35.9    2.5053   2.7332   2.7429
   36.0    2.5053   2.7334   2.7426
   36.1    2.5043   2.7334   2.7426
   36.2    2.5043   2.7334   2.7426
   36.2    2.5042   2.7326   2.7415
   36.3    2.5042   2.7326   2.7415
   36.4    2.5042   2.7338   2.7437
   36.5    2.5054   2.7338   2.7437
   36.5    2.5054   2.7338   2.7437
   36.6    2.5061   2.7344   2.7439
   36.7    2.5061   2.7344   2.7439
   36.8    2.5061   2.7345   2.7443
   36.8    2.5059   2.7345   2.7443
   36.9    2.5059   2.7345   2.7443
   37.0    2.5062   2.7337   2.7431
   37.4    2.5051   2.7338   2.7430
   37.6    2.5055   2.7341   2.7429
   37.7    2.5055   2.7342   2.7439
   37.8    2.5054   2.7342   2.7439
   38.0    2.5057   2.7335   2.7428
   38.3    2.5045   2.7331   2.7435
   38.5    2.5052   2.7337   2.7435
   38.6    2.5052   2.7337   2.7435
   38.7    2.5052   2.7323   2.7417
   38.7    2.5042   2.7323   2.7417
   38.8    2.5042   2.7343   2.7439
   38.9    2.5062   2.7343   2.7439
   39.0    2.5062   2.7343   2.7439
   39.1    2.5059   2.7344   2.7438
   39.2    2.5059   2.7344   2.7438
   39.2    2.5059   2.7334   2.7427
   39.3    2.5053   2.7334   2.7427
   39.4    2.5053   2.7334   2.7427
   39.5    2.5058   2.7339   2.7430
   39.5    2.5058   2.7339   2.7430
   39.6    2.5066   2.7348   2.7440
   39.7    2.5066   2.7348   2.7440
   39.8    2.5066   2.7326   2.7425
   39.8    2.5045   2.7326   2.7425
   39.9    2.5045   2.7326   2.7425
   40.0    2.5045   2.7328   2.7425
   40.1    2.5045   2.7328   2.7425
   40.2    2.5045   2.7334   2.7425
   40.2    2.5045   2.7334   2.7425
   40.3    2.5045   2.7334   2.7402
   40.4    2.5041   2.7326   2.7402
   40.5    2.5041   2.7326   2.7402
   40.6    2.5041   2.7335   2.7435
   40.6    2.5054   2.7335   2.7435
   40.7    2.5054   2.7335   2.7435
   40.8    2.5049   2.7329   2.7425
   40.9    2.5049   2.7329   2.7425
   40.9    2.5049   2.7321   2.7413
   41.0    2.5042   2.7321   2.7413
   41.1    2.5042   2.7332   2.7431
   41.2    2.5057   2.7332   2.7431
   41.3    2.5057   2.7332   2.7431
   41.3    2.5057   2.7321   2.7419
   41.4    2.5043   2.7321   2.7419
   41.5    2.5044   2.7327   2.7422
   41.6    2.5044   2.7327   2.7422
   41.6    2.5044   2.7327   2.7428
   41.7    2.5055   2.7343   2.7428
   41.8    2.5055   2.7343   2.7428
   41.9    2.5053   2.7339   2.7437
   41.9    2.5053   2.7339   2.7437
   42.0    2.5053   2.7339   2.7422
   42.1    2.5047   2.7330   2.7422
   42.2    2.5047   2.7330   2.7451
   42.3    2.5070   2.7348   2.7451
   42.3    2.5070   2.7348   2.7451
   42.4    2.5061   2.7341   2.7445
   42.5    2.5061   2.7341   2.7445
   42.6    2.5061   2.7341   2.7435
   42.7    2.5053   2.7335   2.7435
   42.7    2.5053   2.7335   2.7435
   42.8    2.5047   2.7330   2.7420
   42.9    2.5047   2.7330   2.7420
   43.0    2.5047   2.7339   2.7440
   43.0    2.5065   2.7339   2.7440
   43.1    2.5065   2.7339   2.7425
   43.2    2.5055   2.7331   2.7425
   43.3    2.5055   2.7331   2.7425
   43.3    2.5055   2.7331   2.7426
   43.4    2.5050   2.7333   2.7426
   43.5    2.5050   2.7323   2.7424
   43.6    2.5047   2.7323   2.7424
   43.7    2.5047   2.7323   2.7424
   43.7    2.5062   2.7337   2.7442
   43.8    2.5062   2.7337   2.7442
   43.9    2.5062   2.7327   2.7426
   44.0    2.5046   2.7327   2.7426
   44.1    2.5046   2.7327   2.7426
   44.1    2.5042   2.7329   2.7426
   44.2    2.5042   2.7329   2.7426
   44.3    2.5042   2.7329   2.7426
   44.4    2.5046   2.7332   2.7426
   44.4    2.5046   2.7332   2.7426
   44.5    2.5047   2.7329   2.7423
   44.6    2.5047   2.7329   2.7436
   44.7    2.5057   2.7331   2.7436
   44.8    2.5057   2.7331   2.7436
   44.8    2.5057   2.7330   2.7420
   44.9    2.5049   2.7330   2.7420
   45.0    2.5049   2.7330   2.7422
   45.1    2.5053   2.7333   2.7422
   45.2    2.5053   2.7333   2.7422
   45.2    2.5053   2.7328   2.7417
   45.3    2.5046   2.7328   2.7417
   45.4    2.5046   2.7328   2.7418
   45.5    2.5047   2.7325   2.7418
   45.5    2.5047   2.7325   2.7418
   45.6    2.5047   2.7332   2.7425
   45.7    2.5050   2.7332   2.7425
   45.8    2.5050   2.7325   2.7422
   45.9    2.5043   2.7325   2.7422
   45.9    2.5043   2.7325   2.7422
   46.0    2.5054   2.7334   2.7427
   46.1    2.5054   2.7334   2.7427
   46.2    2.5054   2.7331   2.7425
   46.3    2.5051   2.7331   2.7425
   46.3    2.5051   2.7333   2.7414
   46.4    2.5054   2.7333   2.7414
   46.5    2.5054   2.7333   2.7414
   46.6    2.5051   2.7327   2.7423
   46.6    2.5051   2.7327   2.7423
   46.7    2.5051   2.7327   2.7431
   46.8    2.5055   2.7340   2.7431
   46.9    2.5055   2.7340   2.7431
   47.0    2.5039   2.7321   2.7411
   47.0    2.5039   2.7321   2.7411
   47.1    2.5039   2.7338   2.7434
   47.2    2.5054   2.7338   2.7434
   47.3    2.5054   2.7338   2.7434
   47.3    2.5051   2.7337   2.7430
   47.4    2.5051   2.7337   2.7430
   47.5    2.5049   2.7339   2.7424
   47.6    2.5049   2.7339   2.7424
   47.6    2.5049   2.7332   2.7427
   47.7    2.5049   2.7332   2.7427
   47.8    2.5049   2.7332   2.7427
   47.9    2.5044   2.7318   2.7428
   48.0    2.5044   2.7318   2.7428
   48.0    2.5044   2.7324   2.7422
   48.1    2.5042   2.7324   2.7422
   48.2    2.5042   2.7324   2.7420
   48.3    2.5059   2.7335   2.7420
   48.4    2.5059   2.7335   2.7420
   48.4    2.5059   2.7335   2.7423
   48.5    2.5050   2.7327   2.7423
   48.6    2.5050   2.7339   2.7436
   48.7    2.5061   2.7339   2.7436
   48.7    2.5061   2.7339   2.7436
   48.8    2.5058   2.7335   2.7438
   48.9    2.5058   2.7335   2.7438
   49.0    2.5058   2.7335   2.7440
   49.1    2.5060   2.7338   2.7440
   49.1    2.5060   2.7338   2.7440
   49.2    2.5054   2.7333   2.7419
   49.3    2.5054   2.7333   2.7419
   49.4    2.5054   2.7338   2.7443
   49.5    2.5059   2.7338   2.7443
   49.5    2.5059   2.7338   2.7443
   49.6    2.5065   2.7351   2.7444
   49.7    2.5065   2.7351   2.7444
   49.8    2.5049   2.7329   2.7424
   49.9    2.5049   2.7329   2.7424
   49.9    2.5049   2.7341   2.7435
   50.0    2.5060   2.7341   2.7435
   50.1    2.5060   2.7341   2.7420
   50.2    2.5055   2.7348   2.7420
   50.3    2.5055   2.7348   2.7420
   50.3    2.5056   2.7342   2.7439
   50.4    2.5056   2.7342   2.7439
   50.5    2.5056   2.7351   2.7447
   50.6    2.5060   2.7351   2.7447
   50.7    2.5060   2.7351   2.7438
   50.7    2.5059   2.7348   2.7438
   50.8    2.5059   2.7348   2.7438
   50.9    2.5059   2.7334   2.7420
   51.0    2.5041   2.7334   2.7420
   51.1    2.5041   2.7346   2.7442
   51.1    2.5057   2.7346   2.7442
   51.2    2.5057   2.7346   2.7442
   51.3    2.5046   2.7328   2.7424
   51.4    2.5046   2.7328   2.7424
   51.4    2.5046   2.7341   2.7430
   51.5    2.5050   2.7341   2.7430
   51.6    2.5050   2.7341   2.7434
   51.7    2.5053   2.7345   2.7434
   51.8    2.5053   2.7345   2.7434
   51.8    2.5053   2.7353   2.7445
   51.9    2.5069   2.7353   2.7445
   52.0    2.5069   2.7353   2.7417
   52.1    2.5041   2.7329   2.7417
   52.2    2.5041   2.7329   2.7417
   52.2    2.5038   2.7333   2.7420
   52.3    2.5038   2.7333   2.7420
   52.4    2.5038   2.7343   2.7442
   52.5    2.5063   2.7343   2.7442
   52.5    2.5063   2.7343   2.7439
   52.6    2.5059   2.7347   2.7439
   52.7    2.5059   2.7347   2.7439
   52.8    2.5059   2.7349   2.7433
   52.9    2.5059   2.7349   2.7433
   52.9    2.5059   2.7349   2.7443
   53.0    2.5060   2.7344   2.7443
   53.1    2.5060   2.7344   2.7443
   53.2    2.5046   2.7334   2.7429
   53.2    2.5046   2.7334   2.7429
   53.3    2.5046   2.7340   2.7427
   53.4    2.5047   2.7340   2.7427
   53.5    2.5047   2.7340   2.7427
   53.6    2.5047   2.7326   2.7423
   53.7    2.5046   2.7326   2.7423
   53.7    2.5046   2.7331   2.7429
   53.8    2.5051   2.7331   2.7429
   53.9    2.5051   2.7332   2.7422
   54.0    2.5043   2.7332   2.7422
   54.0    2.5043   2.7332   2.7422
   54.1    2.5050   2.7332   2.7433
   54.2    2.5050   2.7332   2.7433
   54.3    2.5050   2.7329   2.7426
   54.4    2.5045   2.7329   2.7426
   54.4    2.5038   2.7333   2.7422
   54.5    2.5038   2.7333   2.7422
   54.6    2.5038   2.7333   2.7422
   54.7    2.5038   2.7332   2.7433
   54.8    2.5042   2.7332   2.7433
   54.8    2.5042   2.7332   2.7410
   54.9    2.5045   2.7331   2.7410
   55.0    2.5045   2.7334   2.7421
   55.1    2.5039   2.7334   2.7421
   55.2    2.5039   2.7334   2.7421
   55.2    2.5039   2.7341   2.7428
   55.3    2.5042   2.7341   2.7428
   55.4    2.5042   2.7341   2.7429
   55.5    2.5049   2.7338   2.7429
   55.5    2.5049   2.7338   2.7429
   55.6    2.5049   2.7334   2.7421
   55.7    2.5043   2.7334   2.7421
   55.8    2.5043   2.7334   2.7428
   55.8    2.5045   2.7344   2.7428
   55.9    2.5045   2.7344   2.7423
   56.0    2.5047   2.7341   2.7423
   56.1    2.5047   2.7341   2.7423
   56.2    2.5049   2.7338   2.7428
   56.2    2.5049   2.7338   2.7428
   56.3    2.5049   2.7338   2.7437
   56.4    2.5053   2.7348   2.7437
   56.5    2.5053   2.7348   2.7437
   56.6    2.5053   2.7338   2.7422
   56.6    2.5040   2.7338   2.7422
   56.7    2.5040   2.7338   2.7422
   56.8    2.5040   2.7331   2.7425
   56.9    2.5043   2.7331   2.7425
   56.9    2.5047   2.7340   2.7430
   57.0    2.5047   2.7340   2.7430
   57.1    2.5047   2.7340   2.7424
   57.2    2.5046   2.7335   2.7424
   57.2    2.5046   2.7335   2.7424
   57.3    2.5046   2.7333   2.7434
   57.4    2.5046   2.7333   2.7434
   57.5    2.5046   2.7339   2.7424
   57.6    2.5046   2.7339   2.7424
   57.6    2.5046   2.7339   2.7418
   57.7    2.5036   2.7330   2.7418
   57.8    2.5036   2.7330   2.7418
   57.9    2.5036   2.7339   2.7434
   57.9    2.5051   2.7339   2.7434
   58.0    2.5051   2.7339   2.7434
   58.1    2.5051   2.7343   2.7434
   58.2    2.5051   2.7343   2.7434
   58.3    2.5051   2.7340   2.7431
   58.3    2.5047   2.7340   2.7431
   58.4    2.5047   2.7330   2.7419
   58.5    2.5036   2.7330   2.7419
   58.6    2.5036   2.7330   2.7419
   58.6    2.5049   2.7346   2.7433
   58.7    2.5049   2.7346   2.7433
   58.8    2.5049   2.7337   2.7427
   58.9    2.5043   2.7337   2.7427
   58.9    2.5043   2.7337   2.7425
   59.0    2.5042   2.7342   2.7425
   59.1    2.5042   2.7342   2.7425
   59.2    2.5042   2.7334   2.7417
   59.3    2.5038   2.7334   2.7417
   59.3    2.5038   2.7334   2.7428
   59.4    2.5049   2.7340   2.7428
   59.5    2.5049   2.7340   2.7428
   59.6    2.5049   2.7327   2.7424
   59.6    2.5038   2.7327   2.7424
   59.7    2.5038   2.7327   2.7419
   59.8    2.5038   2.7330   2.7419
   59.9    2.5038   2.7330   2.7436
   60.0    2.5053   2.7341   2.7436
   60.0    2.5053   2.7341   2.7436
   60.1    2.5052   2.7333   2.7435
   60.2    2.5052   2.7333   2.7435
   60.3    2.5052   2.7332   2.7426
   60.4    2.5043   2.7332   2.7426
   60.4    2.5043   2.7332   2.7426
   60.5    2.5042   2.7334   2.7429
   60.6    2.5042   2.7334   2.7429
   60.7    2.5042   2.7325   2.7421
   60.7    2.5034   2.7325   2.7421
   60.8    2.5034   2.7327   2.7426
   60.9    2.5044   2.7327   2.7426
   61.0    2.5044   2.7327   2.7424
   61.1    2.5040   2.7326   2.7424
   61.1    2.5040   2.7326   2.7424
   61.2    2.5040   2.7326   2.7419
   61.3    2.5038   2.7329   2.7419
   61.4    2.5038   2.7329   2.7419
   61.5    2.5052   2.7348   2.7435
   61.5    2.5052   2.7348   2.7435
   61.6    2.5052   2.7348   2.7426
   61.7    2.5043   2.7345   2.7426
   61.8    2.5043   2.7344   2.7425
   61.8    2.5042   2.7344   2.7425
   61.9    2.5042   2.7344   2.7425
   62.0    2.5051   2.7345   2.7439
   62.1    2.5051   2.7345   2.7439
   62.2    2.5051   2.7343   2.7437
   62.2    2.5051   2.7343   2.7437
   62.3    2.5051   2.7343   2.7424
   62.4    2.5050   2.7335   2.7424
   62.5    2.5050   2.7335   2.7424
   62.6    2.5042   2.7333   2.7419
   62.6    2.5042   2.7333   2.7419
   62.7    2.5042   2.7349   2.7429
   62.8    2.5055   2.7349   2.7429
   62.9    2.5055   2.7349   2.7429
   63.0    2.5054   2.7339   2.7429
   63.0    2.5054   2.7339   2.7429
   63.1    2.5054   2.7339   2.7413
   63.2    2.5044   2.7334   2.7413
   63.3    2.5044   2.7334   2.7413
   63.3    2.5060   2.7353   2.7436
   63.4    2.5060   2.7353   2.7436
   63.5    2.5060   2.7350   2.7436
   63.6    2.5055   2.7350   2.7436
   63.7    2.5055   2.7350   2.7430
   63.7    2.5054   2.7347   2.7430
   63.8    2.5054   2.7347   2.7430
   63.9    2.5057   2.7349   2.7440
   64.0    2.5057   2.7349   2.7440
   64.0    2.5057   2.7349   2.7424
   64.1    2.5045   2.7346   2.7424
   64.2    2.5045   2.7346   2.7424
   64.3    2.5045   2.7341   2.7428
   64.4    2.5049   2.7341   2.7428
   64.4    2.5049   2.7349   2.7438
   64.5    2.5060   2.7349   2.7438
   64.6    2.5060   2.7349   2.7440
   64.7    2.5057   2.7349   2.7440
   64.7    2.5057   2.7349   2.7440
   64.8    2.5044   2.7341   2.7431
   64.9    2.5044   2.7341   2.7431
   65.0    2.5044   2.7343   2.7439
   65.1    2.5059   2.7343   2.7439
   65.1    2.5059   2.7343   2.7439
   65.2    2.5059   2.7338   2.7434
   65.3    2.5052   2.7338   2.7434
   65.4    2.5052   2.7338   2.7434
   65.4    2.5041   2.7335   2.7421
   65.5    2.5041   2.7335   2.7435
   65.6    2.5055   2.7343   2.7435
   65.7    2.5055   2.7343   2.7435
   65.8    2.5062   2.7349   2.7438
   65.8    2.5062   2.7349   2.7438
   65.9    2.5062   2.7349   2.7426
   66.0    2.5046   2.7337   2.7426
   66.1    2.5046   2.7337   2.7426
   66.1    2.5046   2.7338   2.7433
   66.2    2.5046   2.7338   2.7433
   66.3    2.5046   2.7338   2.7433
   66.4    2.5053   2.7343   2.7440
   66.4    2.5053   2.7343   2.7440
   66.5    2.5053   2.7345   2.7444
   66.6    2.5058   2.7345   2.7444
   66.7    2.5058   2.7345   2.7426
   66.7    2.5040   2.7334   2.7426
   66.8    2.5040   2.7334   2.7426
   66.9    2.5043   2.7339   2.7426
   67.0    2.5043   2.7339   2.7426
   67.1    2.5043   2.7339   2.7435
   67.1    2.5050   2.7343   2.7435
   67.2    2.5050   2.7343   2.7428
   67.3    2.5044   2.7342   2.7428
   67.4    2.5044   2.7342   2.7428
   67.5    2.5044   2.7342   2.7436
   67.5    2.5057   2.7347   2.7436
   67.6    2.5057   2.7347   2.7436
   67.7    2.5051   2.7340   2.7436
   67.8    2.5051   2.7340   2.7436
   67.8    2.5051   2.7340   2.7423
   67.9    2.5042   2.7333   2.7423
   68.0    2.5042   2.7333   2.7425
   68.1    2.5041   2.7334   2.7425
   68.1    2.5041   2.7334   2.7425
   68.2    2.5041   2.7334   2.7439
   68.3    2.5058   2.7358   2.7439
   68.4    2.5058   2.7335   2.7422
   68.5    2.5040   2.7335   2.7422
   68.5    2.5040   2.7335   2.7422
   68.6    2.5051   2.7349   2.7430
   68.7    2.5051   2.7349   2.7430
   68.8    2.5051   2.7349   2.7433
   68.9    2.5049   2.7340   2.7433
   68.9    2.5049   2.7340   2.7433
   69.0    2.5046   2.7340   2.7429
   69.1    2.5046   2.7340   2.7429
   69.2    2.5046   2.7334   2.7437
   69.2    2.5051   2.7334   2.7437
   69.3    2.5051   2.7334   2.7431
   69.4    2.5051   2.7334   2.7431
   69.5    2.5051   2.7334   2.7428
   69.6    2.5044   2.7332   2.7428
   69.6    2.5044   2.7332   2.7428
   69.7    2.5049   2.7339   2.7430
   69.8    2.5049   2.7339   2.7430
   69.9    2.5049   2.7339   2.7441
   69.9    2.5058   2.7348   2.7441
   70.0    2.5058   2.7348   2.7441
   70.1    2.5036   2.7328   2.7420
   70.2    2.5036   2.7328   2.7420
   70.3    2.5036   2.7328   2.7437
   70.3    2.5059   2.7341   2.7437
   70.4    2.5059   2.7341   2.7437
   70.5    2.5059   2.7340   2.7439
   70.6    2.5053   2.7340   2.7439
   70.6    2.5053   2.7340   2.7439
   70.7    2.5054   2.7337   2.7431
   70.8    2.5054   2.7337   2.7439
   70.9    2.5058   2.7348   2.7439
   71.0    2.5058   2.7348   2.7439
   71.0    2.5053   2.7349   2.7436
   71.1    2.5053   2.7349   2.7436
   71.2    2.5053   2.7349   2.7433
   71.3    2.5055   2.7346   2.7433
   71.3    2.5055   2.7346   2.7433
   71.4    2.5050   2.7334   2.7430
   71.5    2.5050   2.7334   2.7430
   71.6    2.5050   2.7334   2.7439
   71.7    2.5055   2.7341   2.7439
   71.7    2.5055   2.7341   2.7440
   71.8    2.5054   2.7341   2.7440
   71.9    2.5054   2.7341   2.7440
   72.0    2.5052   2.7335   2.7427
   72.0    2.5052   2.7335   2.7427
   72.1    2.5052   2.7335   2.7427
   72.2    2.5042   2.7335   2.7425
   72.3    2.5042   2.7335   2.7441
   72.4    2.5056   2.7339   2.7441
   72.4    2.5056   2.7339   2.7441
   72.5    2.5056   2.7340   2.7436
   72.6    2.5054   2.7340   2.7436
   72.7    2.5054   2.7340   2.7436
   72.8    2.5054   2.7338   2.7428
   72.8    2.5053   2.7338   2.7428
   72.9    2.5053   2.7334   2.7429
   73.0    2.5051   2.7334   2.7429
   73.1    2.5051   2.7334   2.7429
   73.1    2.5058   2.7345   2.7443
   73.2    2.5058   2.7345   2.7443
   73.3    2.5046   2.7334   2.7421
   73.4    2.5046   2.7334   2.7421
   73.4    2.5046   2.7334   2.7421
   73.5    2.5056   2.7343   2.7436
   73.6    2.5056   2.7343   2.7436
   73.7    2.5055   2.7335   2.7426
   73.8    2.5055   2.7335   2.7426
   73.8    2.5055   2.7335   2.7426
   73.9    2.5065   2.7345   2.7442
   74.0    2.5065   2.7345   2.7442
   74.1    2.5055   2.7339   2.7424
   74.1    2.5055   2.7339   2.7424
   74.2    2.5055   2.7339   2.7436
   74.3    2.5054   2.7343   2.7436
   74.4    2.5054   2.7343   2.7436
   74.5    2.5054   2.7346   2.7440
   74.5    2.5062   2.7346   2.7440
   74.6    2.5062   2.7348   2.7444
   74.7    2.5060   2.7348   2.7444
   74.8    2.5060   2.7348   2.7444
   74.8    2.5060   2.7342   2.7431
   74.9    2.5053   2.7342   2.7431
   75.0    2.5053   2.7342   2.7438
   75.1    2.5057   2.7339   2.7438
   75.1    2.5057   2.7339   2.7438
   75.2    2.5062   2.7349   2.7453
   75.3    2.5062   2.7349   2.7435
   75.4    2.5051   2.7342   2.7435
   75.5    2.5051   2.7342   2.7435
   75.5    2.5051   2.7356   2.7445
   75.6    2.5062   2.7356   2.7445
   75.7    2.5062   2.7356   2.7449
   75.8    2.5063   2.7348   2.7449
   75.8    2.5063   2.7348   2.7449
   75.9    2.5063   2.7346   2.7443
   76.0    2.5057   2.7346   2.7443
   76.1    2.5057   2.7346   2.7443
   76.2    2.5062   2.7349   2.7450
   76.2    2.5062   2.7349   2.7450
   76.3    2.5055   2.7344   2.7442
   76.4    2.5055   2.7344   2.7442
   76.5    2.5055   2.7344   2.7449
   76.6    2.5065   2.7355   2.7449
   76.6    2.5065   2.7355   2.7449
   76.7    2.5071   2.7357   2.7461
   76.8    2.5071   2.7357   2.7461
   76.9    2.5071   2.7350   2.7438
   76.9    2.5059   2.7350   2.7438
   77.0    2.5059   2.7350   2.7438
   77.1    2.5062   2.7359   2.7449
   77.2    2.5062   2.7359   2.7449
   77.3    2.5062   2.7362   2.7447
   77.3    2.5059   2.7362   2.7447
   77.4    2.5059   2.7362   2.7455
   77.5    2.5070   2.7357   2.7455
   77.6    2.5070   2.7357   2.7455
   77.6    2.5057   2.7348   2.7441
   77.7    2.5057   2.7348   2.7441
   77.8    2.5057   2.7348   2.7438
   77.9    2.5062   2.7347   2.7438
   77.9    2.5062   2.7347   2.7438
   78.0    2.5062   2.7342   2.7428
   78.1    2.5056   2.7342   2.7428
   78.2    2.5056   2.7342   2.7435
   78.2    2.5052   2.7345   2.7435
   78.3    2.5052   2.7345   2.7435
   78.4    2.5052   2.7345   2.7444
   78.5    2.5061   2.7354   2.7444
   78.6    2.5061   2.7354   2.7452
   78.6    2.5070   2.7355   2.7452
   78.7    2.5070   2.7355   2.7452
   78.8    2.5070   2.7345   2.7435
   78.9    2.5056   2.7345   2.7435
   78.9    2.5056   2.7345   2.7454
   79.0    2.5071   2.7354   2.7454
   79.1    2.5071   2.7354   2.7454
   79.2    2.5060   2.7345   2.7444
   79.2    2.5060   2.7345   2.7444
   79.3    2.5060   2.7345   2.7437
   79.4    2.5059   2.7347   2.7437
   79.5    2.5059   2.7347   2.7437
   79.5    2.5065   2.7354   2.7449
   79.6    2.5065   2.7354   2.7449
   79.7    2.5065   2.7347   2.7443
   79.8    2.5062   2.7347   2.7443
   79.9    2.5062   2.7347   2.7435
   79.9    2.5054   2.7345   2.7435
   80.0    2.5054   2.7345   2.7435
   80.1    2.5054   2.7345   2.7444
   80.2    2.5061   2.7349   2.7444
   80.2    2.5061   2.7354   2.7457
   80.3    2.5070   2.7354   2.7457
   80.4    2.5070   2.7354   2.7457
   80.5    2.5070   2.7355   2.7450
   80.6    2.5072   2.7355   2.7450
   80.6    2.5072   2.7355   2.7450
   80.7    2.5067   2.7348   2.7446
   80.8    2.5067   2.7348   2.7430
   80.9    2.5063   2.7344   2.7430
   80.9    2.5063   2.7344   2.7430
   81.0    2.5063   2.7344   2.7439
   81.1    2.5057   2.7342   2.7439
   81.2    2.5057   2.7342   2.7437
   81.3    2.5069   2.7353   2.7437
   81.3    2.5069   2.7353   2.7437
   81.4    2.5069   2.7353   2.7440
   81.5    2.5058   2.7343   2.7440
   81.6    2.5058   2.7343   2.7428
   81.6    2.5050   2.7339   2.7428
   81.7    2.5050   2.7339   2.7428
   81.8    2.5050   2.7356   2.7455
   81.9    2.5067   2.7356   2.7455
   82.0    2.5067   2.7356   2.7455
   82.0    2.5050   2.7338   2.7435
   82.1    2.5050   2.7338   2.7436
   82.2    2.5058   2.7344   2.7436
   82.3    2.5058   2.7344   2.7436
   82.3    2.5058   2.7345   2.7438
   82.4    2.5063   2.7345   2.7438
   82.5    2.5063   2.7345   2.7438
   82.6    2.5063   2.7348   2.7449
   82.7    2.5066   2.7348   2.7449
   82.7    2.5065   2.7355   2.7438
   82.8    2.5065   2.7355   2.7438
   82.9    2.5065   2.7355   2.7438
   83.0    2.5063   2.7347   2.7447
   83.0    2.5063   2.7347   2.7447
   83.1    2.5045   2.7334   2.7429
   83.2    2.5045   2.7334   2.7429
   83.3    2.5045   2.7334   2.7429
   83.3    2.5065   2.7353   2.7454
   83.4    2.5065   2.7353   2.7454
   83.5    2.5057   2.7345   2.7434
   83.6    2.5057   2.7345   2.7434
   83.7    2.5057   2.7353   2.7451
   83.7    2.5070   2.7353   2.7451
   83.8    2.5070   2.7353   2.7445
   83.9    2.5070   2.7353   2.7445
   84.0    2.5070   2.7353   2.7445
   84.0    2.5070   2.7357   2.7439
   84.1    2.5060   2.7357   2.7439
   84.2    2.5060   2.7357   2.7439
   84.3    2.5060   2.7348   2.7443
   84.4    2.5060   2.7348   2.7443
   84.4    2.5060   2.7348   2.7443
   84.5    2.5044   2.7334   2.7426
   84.6    2.5044   2.7334   2.7435
   84.7    2.5056   2.7341   2.7435
   84.7    2.5056   2.7341   2.7435
   84.8    2.5056   2.7341   2.7444
   84.9    2.5062   2.7341   2.7444
   85.0    2.5062   2.7341   2.7444
   85.0    2.5057   2.7347   2.7424
   85.1    2.5057   2.7347   2.7436
   85.2    2.5061   2.7350   2.7436
   85.3    2.5061   2.7350   2.7436
   85.4    2.5061   2.7355   2.7455
   85.4    2.5072   2.7355   2.7455
   85.5    2.5072   2.7355   2.7455
   85.6    2.5065   2.7350   2.7440
   85.7    2.5065   2.7350   2.7440
   85.7    2.5065   2.7350   2.7429
   85.8    2.5053   2.7340   2.7429
   85.9    2.5053   2.7340   2.7427
   86.0    2.5049   2.7337   2.7427
   86.1    2.5049   2.7337   2.7427
   86.1    2.5051   2.7339   2.7427
   86.2    2.5051   2.7339   2.7427
   86.3    2.5056   2.7340   2.7435
   86.4    2.5056   2.7340   2.7435
   86.5    2.5056   2.7340   2.7429
   86.5    2.5056   2.7341   2.7429
   86.6    2.5056   2.7341   2.7429
   86.7    2.5044   2.7339   2.7414
   86.8    2.5044   2.7339   2.7414
   86.9    2.5044   2.7334   2.7427
   86.9    2.5047   2.7334   2.7427
   87.0    2.5047   2.7334   2.7429
   87.1    2.5049   2.7333   2.7429
   87.2    2.5049   2.7333   2.7429
   87.3    2.5061   2.7343   2.7440
   87.3    2.5061   2.7343   2.7440
   87.4    2.5061   2.7337   2.7427
   87.5    2.5050   2.7337   2.7427
   87.6    2.5050   2.7337   2.7427
   87.6    2.5050   2.7339   2.7429
   87.7    2.5050   2.7339   2.7429
   87.8    2.5050   2.7339   2.7429
   87.9    2.5058   2.7339   2.7429
   88.0    2.5058   2.7339   2.7421
   88.0    2.5043   2.7321   2.7421
   88.1    2.5043   2.7321   2.7421
   88.2    2.5052   2.7329   2.7436
   88.3    2.5052   2.7329   2.7436
   88.3    2.5052   2.7329   2.7429
   88.4    2.5052   2.7334   2.7429
   88.5    2.5052   2.7334   2.7429
   88.6    2.5050   2.7329   2.7429
   88.6    2.5050   2.7329   2.7429
   88.7    2.5050   2.7329   2.7429
   88.8    2.5055   2.7331   2.7436
   88.9    2.5055   2.7331   2.7436
   88.9    2.5055   2.7332   2.7434
   89.0    2.5053   2.7332   2.7434
   89.1    2.5053   2.7332   2.7435
   89.2    2.5051   2.7339   2.7435
   89.3    2.5051   2.7339   2.7435
   89.3    2.5060   2.7339   2.7437
   89.4    2.5060   2.7339   2.7437
   89.5    2.5060   2.7339   2.7414
   89.6    2.5050   2.7331   2.7414
   89.6    2.5050   2.7331   2.7414
   89.7    2.5050   2.7331   2.7437
   89.8    2.5051   2.7339   2.7437
   89.9    2.5051   2.7339   2.7447
   90.0    2.5065   2.7348   2.7447

PSU OFF.

==== SUMMARY ====
  pin 1: min +2.5034  max +2.5079  spread    4.5 mV
  pin 2: min +2.7318  max +2.7367  spread    4.9 mV
  pin 3: min +2.7402  max +2.7461  spread    5.9 mV

  All pins stable to within 6 mV. Either the state did not change
  during the run, or idle level does not track it — in which case there is still
  no rig-side awake detector and the operator has to confirm the LCD.
